              precision    recall  f1-score   support

    positive     0.8589    0.8495    0.8542       824
       anger     0.7229    0.6250    0.6704        96
        fear     0.6294    0.6926    0.6595       309
     sadness     0.5795    0.5539    0.5664       204

    accuracy                         0.7585      1433
   macro avg     0.6977    0.6802    0.6876      1433
weighted avg     0.7605    0.7585    0.7589      1433


[[[ 494  115]
  [ 124  700]]

 [[1314   23]
  [  36   60]]

 [[ 998  126]
  [  95  214]]

 [[1147   82]
  [  91  113]]]